91275
91276
91277
91278
91279
112992
112993
2268
2267
2266
6279
6280
3286
98
3285
9071
140014
3297
3298
153175
153176
153177
153178
153179
153180
153181
153182
90011
90012
90013
90014
90015
90016
90017
90018
134805
134806
134807
3295
124808
124807
124806
83133
83134
83135
83136
83137
83138
4295
4296
98530
98531
98532
98533
98534
98535
98536
98537
98538
5354
5376
3276
90659
90660
90662
90661
3268
6273
14679
90721
90722
90733
90735
3294
10744
81831
81832
81833
89994
89995
89996
89997
81834
81835
81836
